1 0.752112676056338 0.2765957446808511 0.056338028169014086 0.23404255319148937
1 0.6605633802816901 0.2978723404255319 0.053521126760563385 0.23404255319148937
1 0.49577464788732395 0.3829787234042553 0.061971830985915494 0.2127659574468085
1 0.8816901408450705 0.3404255319148936 0.03943661971830986 0.1702127659574468
1 0.47042253521126765 0.16489361702127658 0.022535211267605635 0.11702127659574468
1 0.9619718309859155 0.26063829787234044 0.02535211267605634 0.11702127659574468
1 0.8352112676056338 0.2553191489361702 0.036619718309859155 0.14893617021276595
1 0.06056338028169014 0.40425531914893614 0.030985915492957747 0.10638297872340426
1 0.21126760563380284 0.2925531914893617 0.033802816901408454 0.1595744680851064
1 0.28169014084507044 0.2978723404255319 0.033802816901408454 0.1702127659574468
1 0.008450704225352114 0.4521276595744681 0.016901408450704227 0.13829787234042554
1 0.32816901408450705 0.19148936170212766 0.030985915492957747 0.1276595744680851
1 0.37183098591549296 0.13297872340425532 0.028169014084507043 0.11702127659574468
1 0.4154929577464789 0.12234042553191489 0.02535211267605634 0.09574468085106383
1 0.3422535211267606 0.3829787234042553 0.04788732394366198 0.2127659574468085
1 0.35492957746478876 0.2765957446808511 0.028169014084507043 0.1276595744680851
1 0.504225352112676 0.22340425531914893 0.022535211267605635 0.1276595744680851
1 0.5492957746478874 0.17553191489361702 0.028169014084507043 0.11702127659574468
1 0.5887323943661972 0.2765957446808511 0.03943661971830986 0.10638297872340426
1 0.7084507042253522 0.28723404255319146 0.030985915492957747 0.1276595744680851
1 0.7859154929577465 0.2180851063829787 0.028169014084507043 0.11702127659574468
1 0.8732394366197184 0.23404255319148937 0.022535211267605635 0.0851063829787234
1 0.9126760563380282 0.3191489361702128 0.028169014084507043 0.14893617021276595
1 0.9338028169014085 0.22340425531914893 0.02535211267605634 0.0851063829787234
1 0.9239436619718311 0.13829787234042554 0.022535211267605635 0.0851063829787234
