1 0.951 0.368 0.014 0.114
1 0.897 0.281 0.015 0.091
1 0.883 0.271 0.011 0.101
1 0.856 0.26 0.014 0.096
1 0.816 0.219 0.018 0.127
1 0.743 0.173 0.015 0.104
1 0.72 0.143 0.015 0.111
1 0.683 0.178 0.017 0.114
1 0.688 0.561 0.02 0.122
1 0.661 0.56 0.017 0.099
1 0.66 0.188 0.015 0.096
1 0.635 0.191 0.014 0.093
1 0.605 0.215 0.013 0.083
1 0.585 0.228 0.013 0.093
1 0.565 0.211 0.015 0.096
1 0.566 0.617 0.019 0.119
1 0.535 0.212 0.017 0.099
1 0.521 0.204 0.012 0.093
1 0.494 0.261 0.017 0.099
1 0.411 0.208 0.013 0.08
1 0.434 0.226 0.015 0.101
1 0.47 0.206 0.014 0.117
1 0.457 0.248 0.016 0.124
1 0.388 0.281 0.012 0.08
1 0.369 0.273 0.014 0.086
1 0.338 0.224 0.016 0.111
1 0.321 0.246 0.013 0.109
1 0.28 0.261 0.017 0.073
1 0.26 0.268 0.014 0.096
1 0.186 0.261 0.013 0.057
1 0.205 0.32 0.011 0.086
1 0.155 0.263 0.016 0.086
1 0.121 0.181 0.014 0.099
1 0.073 0.228 0.011 0.083
1 0.038 0.289 0.015 0.08
1 0.242 0.258 0.011 0.096
1 0.312 0.67 0.02 0.111
